### The number of states followed by alphabet size, followed by pi(initial probability), a(transition matrix) and b(emission matrix)
5 5
1.000000
0.000000
0.000000
0.000000
0.000000
0.146898 0.000000 0.167891 0.000000 0.685211 
0.115816 0.368281 0.300076 0.215827 0.000000 
0.000000 0.569948 0.185965 0.244087 0.000000 
0.087321 0.912679 0.000000 0.000000 0.000000 
0.939055 0.000007 0.000000 0.060938 0.000000 
0.000000 0.000000 0.314846 0.685154 0.000000 
0.000000 0.231385 0.000000 0.768615 0.000000 
0.834848 0.165150 0.000000 0.000002 0.000000 
0.000422 0.382624 0.000000 0.000002 0.616952 
0.529889 0.314238 0.000000 0.000000 0.155873 
